0,0
1,0
2,1053899200
3,1058287168
4,1065200736
5,1062345504
6,1060911680
7,1061546176
8,1061389632
9,1058484928
10,1059185344
11,1058554976
12,1073066112
13,1072963104
14,1072316224
15,1073741792
16,1072715904
17,1072464576
18,1072592288
19,1073309184
20,1065357312
21,1065196640
22,1066309056
23,1066494464
24,1071817696
25,1071982496
26,1072855968
27,1072349184
28,1065196640
29,1065934144
30,1053412992
31,1060479072
32,1061266016
33,1063321952
34,1063157152
35,1062110656
36,1061266016
37,1073741792
38,1072134944
39,1069753504
40,1061818112
41,1062275456
42,1073741792
43,1068698752
44,1062345504
45,1061187744
46,1051946240
47,1051262272
48,1049556544
49,1073144384
50,1065200736
51,1069753504
52,1070626976
53,1061266016
54,1053412992
55,1062197184
56,1057318912
57,1066065984
58,1072345088
59,1069312640
60,1069753504
61,1057920448
62,1053965120
63,1047694272
64,1063804032
65,1064401440
66,1053561344
67,1064030624
68,1068900640
69,1063540320
70,1057463136
71,1052687872
72,1061187744
73,1073741792
74,1060981728
75,1062275456
76,1073741792
77,1065550976
78,1073066112
79,1062736896
80,1065200736
81,1059037024
82,1062345504
83,1061686272
84,1063321952
