0,0
1,0
2,1059723008
3,1062515104
4,1064404928
5,1064144576
6,1060872160
7,1061626304
8,1061509600
9,1060333504
10,1061379424
11,1061612832
12,1073669984
13,1072709344
14,1073530816
15,1072969728
16,1073741792
17,1073710368
18,1072704864
19,1073669984
20,1065473280
21,1065616928
22,1066828928
23,1067012960
24,1073221088
25,1073279456
26,1072920352
27,1073723840
28,1065545088
29,1066667328
30,1057114976
31,1064090688
32,1066362080
33,1061998880
34,1063188416
35,1063614880
36,1066362080
37,1073669984
38,1073741792
39,1073373728
40,1062021312
41,1061998880
42,1073741792
43,1069095808
44,1064144576
45,1062420832
46,1052938048
47,1056993760
48,1054652800
49,1072305344
50,1064404928
51,1073373728
52,1071147232
53,1066362080
54,1058192288
55,1063134560
56,1057608736
57,1065410432
58,1073432064
59,1073373728
60,1069463904
61,1058228224
62,1060198848
63,1057909504
64,1065329632
65,1065769536
66,1051761920
67,1066757088
68,1069912768
69,1065639360
70,1059633248
71,1051860736
72,1062420832
73,1073741792
74,1061720576
75,1061998880
76,1073741792
77,1065078240
78,1073723840
79,1063040288
80,1064404928
81,1059431232
82,1064144576
83,1062528576
84,1063614880
