0,0
1,0
2,1054424192
3,1060296512
4,1065704864
5,1064004256
6,1062274272
7,1060187328
8,1060204128
9,1059922816
10,1061955136
11,1059498688
12,1071398752
13,1072263744
14,1072070592
15,1073187520
16,1072238560
17,1072129376
18,1072969184
19,1073741792
20,1066792416
21,1066742016
22,1068039520
23,1067283712
24,1070693312
25,1070903264
26,1071995008
27,1071318976
28,1066170944
29,1066641248
30,1052752960
31,1062820128
32,1062983904
33,1063966464
34,1064226816
35,1063097280
36,1062983904
37,1073741792
38,1071797664
39,1069971072
40,1062967104
41,1063966464
42,1073741792
43,1066687424
44,1064004256
45,1062320448
46,1052114688
47,1049234176
48,1049183744
49,1073527648
50,1065704864
51,1069971072
52,1070151648
53,1062983904
54,1051997120
55,1061463840
56,1058260000
57,1068039520
58,1072263744
59,1069971072
60,1069311840
61,1058264192
62,1057789696
63,1051056512
64,1065629280
65,1065940000
66,1053366016
67,1067061152
68,1069299232
69,1066011392
70,1058562304
71,1053240064
72,1062320448
73,1073741792
74,1060115968
75,1063966464
76,1073741792
77,1067552448
78,1071995008
79,1061405056
80,1065704864
81,1057697312
82,1064004256
83,1060850784
84,1064226816
