0,0
1,0
2,1058705632
3,1060720480
4,1064796192
5,1063638272
6,1061531456
7,1061071616
8,1060950400
9,1060578368
10,1061786432
11,1059341024
12,1073169120
13,1072721824
14,1073399040
15,1073700000
16,1073691648
17,1073524448
18,1073006080
19,1073741792
20,1067170528
21,1067032576
22,1066806848
23,1067091104
24,1073056256
25,1073135680
26,1073085504
27,1073549504
28,1067333568
29,1066765056
30,1058851936
31,1062338240
32,1061786432
33,1061201216
34,1060770656
35,1061080000
36,1062338240
37,1073737632
38,1073741792
39,1069753888
40,1063090656
41,1061201216
42,1073741792
43,1066489152
44,1063638272
45,1058847776
46,1053373760
47,1054903744
48,1054494080
49,1072366528
50,1064796192
51,1069753888
52,1070255520
53,1062338240
54,1058851936
55,1060423712
56,1057940672
57,1063738592
58,1073265248
59,1069753888
60,1069540704
61,1058191488
62,1059667072
63,1057652224
64,1061305728
65,1061907680
66,1053474112
67,1061569088
68,1067897888
69,1061125984
70,1058091168
71,1054109504
72,1058847776
73,1073741792
74,1059332672
75,1061201216
76,1073741792
77,1063249504
78,1073549504
79,1061100896
80,1064796192
81,1058751616
82,1063638272
83,1060097632
84,1061080000
